1800	0.79	1	1	0	0
1801	0.56	1	1	0	0
1802	0.28	2	2	0	0
1803	-0.38	2	2	0	0
1804	-0.32	2	2	0	0
1805	-1.73	2	2	0	0
1806	0.95	2	2	0	0
1807	0.61	2	2	0	0
1808	-0.82	2	2	0	0
1809	0.21	2	2	0	0
1810	0.58	2	2	0	0
1811	1.44	2	2	0	0
1812	-0.85	2	2	0	0
1813	-0.67	2	2	0	0
1814	-0.83	2	2	0	0
1815	-0.64	2	2	0	0
1816	-1.54	2	2	0	0
1817	-0.3	2	2	0	0
1818	0.15	3	3	0	0
1819	-0.31	3	3	0	0
1820	-0.96	3	3	0	0
1821	-0.02	3	3	0	0
1822	1.11	3	3	0	0
1823	-0.46	3	3	0	0
1824	0.01	3	3	0	0
1825	0.01	3	3	0	0
1826	-0.67	3	3	0	0
1827	-0.79	3	3	0	0
1828	0.42	3	3	0	0
1829	-2.16	3	3	0	0
1830	-0.78	3	3	0	0
1831	-0.09	3	3	0	0
1832	-0.23	3	3	0	0
1833	-0.45	3	3	0	0
1834	0.78	3	3	0	0
1835	-0.81	3	3	0	0
1836	-0.56	3	3	0	0
1837	-1.28	3	3	0	0
1838	-1.4	3	3	0	0
1839	-0.32	3	3	0	0
1840	-1.5	3	3	0	0
1841	-0.4	3	3	0	0
1842	-1.06	3	3	0	0
1843	-0.51	3	3	0	0
1844	-1.16	3	3	0	0
1845	-1.25	3	3	0	0
1846	0.41	3	3	0	0
1847	-1.12	3	3	0	0
1848	-0.2	3	3	0	0
1849	-0.55	3	3	0	0
1850	-1.14	3	3	0	0
1851	-1.49	3	3	0	0
1852	-0.1	3	3	0	0
1853	-1.61	3	3	0	0
1854	-0.96	3	3	0	0
1855	-1.36	3	3	0	0
1856	-0.55	3	3	0	0
1857	-0.41	3	3	0	0
1858	-1.34	3	3	0	0
1859	-0.11	3	3	0	0
1860	-1.39	4	4	0	0
1861	-0.06	4	4	0	0
1862	0.28	3	3	0	0
1863	0.28	4	4	0	0
1864	-1.44	5	5	0	0
1865	-0.42	6	6	0	0
1866	-0.35	5	5	0	0
1867	-0.36	6	6	0	0
1868	-0.16	6	6	0	0
1869	-0.44	7	7	0	0
1870	-0.85	7	7	0	0
1871	-1.11	7	7	0	0
1872	0.22	7	7	0	0
1873	-0.0	7	7	0	0
1874	-0.54	8	8	0	0
1875	-0.72	9	9	0	0
1876	-0.68	12	12	0	0
1877	-0.48	12	12	0	0
1878	0.23	14	14	0	0
1879	-0.68	14	14	0	0
1880	-0.3	14	14	0	0
1881	-0.7	16	16	0	0
1882	-0.34	14	14	0	0
1883	-0.74	17	17	0	0
1884	-0.43	20	20	0	0
1885	-0.72	21	21	0	0
1886	-0.69	20	20	0	0
1887	-0.76	22	22	0	0
1888	-0.78	26	26	0	0
1889	-0.06	28	28	0	0
1890	-0.33	29	29	0	0
1891	-0.35	27	27	0	0
1892	-0.61	35	35	0	0
1893	-0.45	58	58	0	0
1894	0.11	74	74	0	0
1895	-0.47	86	86	0	0
1896	-0.14	96	96	0	0
1897	-0.1	103	103	0	0
1898	-0.08	109	109	0	0
1899	-0.26	119	119	0	0
1900	0.42	118	118	0	0
1901	-0.07	146	146	0	0
1902	-0.32	147	147	0	0
1903	-0.37	143	143	0	0
1904	-0.36	156	156	0	0
1905	-0.37	172	172	0	0
1906	-0.11	174	174	0	0
1907	-0.5	177	177	0	0
1908	0.0	187	187	0	0
1909	-0.31	198	198	0	0
1910	0.18	209	209	0	0
1911	-0.11	218	218	0	0
1912	-0.64	209	209	0	0
1913	-0.12	227	227	0	0
1914	-0.04	250	250	0	0
1915	-0.04	255	255	0	0
1916	-0.39	258	258	0	0
1917	-0.89	263	263	0	0
1918	-0.18	272	272	0	0
1919	-0.26	277	277	0	0
1920	-0.22	259	259	0	0
1921	0.61	274	274	0	0
1922	0.02	274	274	0	0
1923	-0.06	293	293	0	0
1924	-0.31	303	303	0	0
1925	0.14	307	307	0	0
1926	0.0	315	315	0	0
1927	-0.02	323	323	0	0
1928	0.11	328	328	0	0
1929	-0.41	340	340	0	0
1930	0.22	341	341	0	0
1931	0.57	363	363	0	0
1932	0.08	353	353	0	0
1933	-0.06	367	367	0	0
1934	0.53	368	368	0	0
1935	-0.07	383	383	0	0
1936	0.0	378	378	0	0
1937	0.17	375	375	0	0
1938	0.59	387	387	0	0
1939	0.4	425	425	0	0
1940	0.13	421	421	0	0
1941	0.24	423	423	0	0
1942	0.09	440	440	0	0
1943	0.37	444	444	0	0
1944	0.3	441	441	0	0
1945	0.01	448	448	0	0
1946	0.3	461	461	0	0
1947	0.14	457	457	0	0
1948	0.22	467	467	0	0
1949	0.1	475	475	0	0
1950	-0.21	486	486	0	0
1951	0.02	566	566	0	0
1952	0.15	592	592	0	0
1953	0.4	635	635	0	0
1954	0.08	653	653	0	0
1955	-0.05	680	680	0	0
1956	-0.31	694	694	0	0
1957	-0.04	709	709	0	0
1958	0.17	718	718	0	0
1959	0.15	748	748	0	0
1960	0.08	766	766	0	0
1961	0.11	790	790	0	0
1962	0.07	805	805	0	0
1963	0.12	842	842	0	0
1964	-0.21	855	855	0	0
1965	-0.23	886	886	0	0
1966	0.02	903	903	0	0
1967	-0.14	904	904	0	0
1968	-0.15	915	915	0	0
1969	-0.11	921	921	0	0
1970	-0.1	948	948	0	0
1971	-0.12	947	947	0	0
1972	-0.35	933	933	0	0
1973	0.19	917	917	0	0
1974	-0.26	932	932	0	0
1975	-0.01	923	923	0	0
1976	-0.3	925	925	0	0
1977	0.17	895	895	0	0
1978	-0.12	908	908	0	0
1979	0.02	891	891	0	0
1980	0.1	879	879	0	0
1981	0.45	826	826	0	0
1982	-0.14	842	842	0	0
1983	0.19	821	821	0	0
1984	-0.07	774	774	0	0
1985	-0.2	775	775	0	0
1986	0.1	770	770	0	0
1987	0.36	764	764	0	0
1988	0.37	765	765	0	0
1989	0.22	754	754	0	0
1990	0.5	601	601	0	0
1991	0.4	374	374	0	0
1992	0.08	364	364	0	0
1993	-0.04	357	357	0	0
1994	0.38	341	341	0	0
1995	0.47	327	327	0	0
1996	0.09	325	325	0	0
1997	0.46	346	346	0	0
1998	1.09	330	330	0	0
1999	0.89	336	336	0	0
2000	0.57	323	323	0	0
2001	0.85	273	273	0	0
2002	0.69	299	299	0	0
2003	0.75	299	299	0	0
2004	0.66	288	288	0	0
2005	0.96	295	295	0	0
2006	1.18	310	310	0	0
2007	1.09	312	312	0	0
2008	0.66	309	309	0	0
2009	0.63	276	276	0	0
2010	1.04	297	297	0	0
2011	0.9	293	293	0	0
2012	1.0	282	282	0	0
2013	0.65	281	281	0	0
2014	0.77	293	293	0	0
2015	1.3	261	261	0	0
2016	1.51	293	293	0	0
2017	1.33	281	281	0	0
2018	1.11	280	280	0	0